[header]
width=128
height=40
tilewidth=16
tileheight=16
orientation=orthogonal
background_color=0,0,0,255

[tilesets]
tileset=../gamedesign/Homework4/NYUCodebase/dirt-tiles.png,16,16,0,0
tileset=../gamedesign/Homework4/NYUCodebase/george_0.png,48,48,0,0
tileset=../OneDrive/Pictures/dragonsprite.PNG,49,49,0,0
tileset=../OneDrive/Pictures/dragon.png,49,49,0,0
tileset=../OneDrive/Documents/NES - The Legend of Zelda - Overworld Tiles2.png,16,16,0,0
tileset=../gamedesign/Homework4/NYUCodebase/arne_sprites.png,16,16,0,0
tileset=../OneDrive/Documents/dragon2.png,128,128,0,0

[layer]
type=Tile Layer 1
data=
46,47,142,143,142,143,142,143,142,143,142,143,142,143,142,143,142,143,142,143,142,143,142,143,142,143,142,143,142,143,142,143,142,143,142,143,142,143,142,143,142,143,142,143,142,143,142,143,142,143,142,143,142,143,142,143,142,143,142,143,142,143,142,143,142,143,142,143,142,143,142,143,254,254,254,254,142,143,142,143,142,143,142,143,142,143,142,143,142,143,142,143,142,143,142,143,142,143,142,143,142,143,142,143,142,143,142,143,142,143,142,143,142,143,142,143,142,143,142,143,142,143,142,143,142,143,46,47,
142,143,114,114,114,114,114,114,114,114,114,114,114,115,114,115,114,114,114,114,114,114,114,114,114,114,114,114,114,114,114,114,114,114,114,114,114,114,114,114,114,114,114,114,114,114,115,114,115,114,115,115,115,115,114,114,114,114,115,114,114,114,114,114,114,114,114,114,114,114,115,54,278,226,278,254,54,114,114,114,114,114,114,114,115,114,115,115,115,115,115,115,115,223,223,115,115,115,115,114,114,114,114,115,115,115,115,115,115,115,115,115,115,115,115,115,115,115,115,115,115,115,115,115,114,114,70,71,
166,167,0,0,0,114,114,115,115,115,114,114,115,114,114,114,114,115,0,0,0,0,0,0,0,0,0,0,0,0,0,0,0,0,0,0,0,0,0,0,0,114,114,115,115,114,114,114,114,114,114,115,0,0,0,0,114,114,114,114,115,0,0,0,0,0,0,0,0,0,0,54,254,147,147,278,54,494,494,494,494,494,494,494,494,494,494,494,494,494,494,494,494,494,494,494,494,494,494,494,494,0,0,0,0,0,0,0,0,0,0,0,0,0,0,0,0,0,0,0,0,0,0,0,0,166,142,143,
22,23,0,0,0,0,0,0,0,0,0,0,0,0,0,0,0,0,0,0,0,0,0,0,0,0,0,0,0,0,0,0,0,0,0,0,0,0,0,0,0,0,0,0,0,0,46,46,0,0,0,0,0,0,0,0,0,0,0,0,0,0,0,0,0,0,0,0,0,0,0,54,254,171,171,254,54,54,0,0,0,0,0,0,0,0,0,0,0,0,0,0,0,0,0,0,0,0,494,494,0,0,0,0,0,0,0,0,0,0,0,0,0,0,0,0,0,0,0,0,0,0,0,0,0,0,166,167,
46,47,0,0,0,0,0,0,0,0,0,0,0,0,0,0,0,0,0,0,0,0,0,0,0,0,0,0,0,0,0,0,0,0,0,0,0,0,0,0,0,0,0,0,0,0,46,46,0,0,0,0,0,0,0,0,0,0,0,0,0,0,0,0,0,0,0,0,0,0,0,54,278,171,171,278,54,0,0,0,0,0,0,0,0,0,0,0,0,0,0,0,0,0,0,0,0,0,0,494,0,0,0,0,0,0,46,46,46,47,0,0,0,0,0,0,0,0,0,0,0,0,0,0,0,0,46,47,
118,119,0,0,0,0,0,0,0,0,0,0,0,0,0,0,0,0,0,189,189,189,189,189,189,189,189,189,190,0,0,0,0,189,189,189,189,189,189,189,189,190,0,0,0,0,46,46,0,0,0,0,0,0,0,0,0,0,0,0,0,0,0,0,0,0,0,0,0,0,0,40,0,0,0,0,40,0,0,0,0,0,0,0,0,0,0,0,0,0,0,0,0,0,0,0,0,0,0,494,0,0,0,0,0,494,494,494,494,494,494,494,494,494,494,494,494,494,0,0,0,0,70,0,0,0,70,71,
142,143,0,0,0,0,0,494,494,143,0,0,0,46,0,0,0,0,0,44,44,44,44,44,44,44,44,44,44,0,0,0,0,44,44,115,115,115,115,115,115,44,0,0,0,0,46,46,0,0,0,0,0,0,46,46,46,46,46,46,46,46,46,46,46,0,0,0,0,0,0,40,0,0,0,0,40,0,0,0,0,0,0,0,0,0,0,0,0,0,0,0,0,0,0,0,0,0,0,494,0,0,0,0,0,0,0,494,494,494,494,0,0,0,70,494,494,494,0,0,0,0,70,0,0,0,142,143,
22,23,0,0,0,0,0,494,494,143,0,0,0,46,0,0,0,0,0,44,44,44,44,44,44,44,44,44,44,0,0,0,0,44,44,44,44,44,44,44,44,44,0,0,0,0,46,46,0,0,0,0,0,0,46,0,0,0,0,0,0,0,0,0,46,46,0,0,0,0,0,40,0,0,0,0,40,0,0,0,0,0,0,0,0,0,0,0,0,0,0,0,0,0,0,0,0,0,0,494,0,0,0,0,0,0,0,0,0,0,0,0,0,0,0,494,494,494,0,0,0,0,70,0,0,0,166,167,
46,47,0,0,0,0,0,142,143,143,0,0,0,46,0,0,0,0,0,44,44,0,0,0,0,0,0,0,0,0,0,0,0,0,0,0,0,0,0,0,44,44,0,0,0,0,46,46,0,0,0,0,0,0,46,0,0,0,0,0,0,0,0,0,0,46,0,0,0,0,0,40,0,0,0,0,40,0,0,0,0,0,0,0,0,0,0,0,0,0,0,0,0,0,0,0,0,0,0,494,0,0,0,0,0,0,0,0,0,0,0,0,0,0,0,70,70,70,0,0,0,113,70,0,0,0,46,47,
142,143,0,0,0,0,0,494,494,143,0,0,0,46,0,0,0,0,0,44,44,0,0,0,0,0,0,0,0,0,0,0,0,0,0,0,0,0,0,0,44,44,0,0,0,0,46,46,0,0,0,0,0,46,46,0,0,0,0,46,46,46,0,0,0,46,0,0,0,0,0,54,0,0,0,0,0,0,0,0,0,0,0,0,0,0,0,0,0,0,0,0,0,0,0,0,0,0,0,494,46,46,46,46,47,46,46,46,46,46,46,47,0,0,0,0,70,70,0,0,0,70,70,0,0,0,70,71,
166,167,0,0,0,0,0,494,494,143,0,0,0,46,0,0,0,0,0,44,44,0,0,0,0,0,0,0,0,0,0,0,0,0,0,0,0,0,0,0,44,44,0,0,0,0,46,46,0,0,0,0,0,46,0,0,0,0,46,46,0,0,0,0,0,46,0,0,0,0,0,54,0,0,0,0,0,0,0,0,0,0,0,0,0,0,0,0,0,0,0,0,0,0,0,0,0,0,0,0,0,0,0,0,0,0,0,0,0,0,0,0,0,0,0,70,70,0,0,0,0,70,70,0,0,0,142,143,
22,23,0,0,0,0,0,142,143,494,0,0,0,46,0,0,0,0,0,44,44,0,0,0,0,0,0,0,0,0,0,0,0,0,0,0,0,0,0,0,44,44,0,0,0,0,46,46,0,0,0,0,46,46,0,0,0,0,0,46,46,46,46,46,46,46,0,0,0,0,0,54,0,0,0,0,0,0,0,0,0,0,0,0,0,0,0,0,0,0,0,0,0,0,0,0,0,0,0,0,0,0,0,0,0,0,0,0,0,0,0,0,0,0,0,70,70,0,0,0,0,70,70,0,0,0,166,167,
46,47,0,0,0,0,0,494,494,494,0,0,0,46,0,0,0,0,0,44,44,0,0,0,0,0,0,0,0,0,0,0,0,0,0,0,0,0,0,0,44,44,0,0,0,0,46,46,0,0,0,0,46,0,0,0,0,0,0,0,0,0,0,0,46,46,0,0,0,0,0,54,54,54,54,54,54,54,0,0,0,0,0,0,0,0,0,0,0,0,0,0,0,0,0,0,0,0,0,0,0,0,0,0,0,0,0,0,0,0,0,0,0,0,0,70,0,0,0,0,0,0,70,0,0,0,46,47,
142,143,0,0,0,0,0,494,494,494,0,0,0,46,0,0,0,0,0,44,44,0,0,0,0,0,0,0,0,0,0,0,0,0,0,0,0,0,0,0,44,44,0,0,0,0,46,46,0,0,0,0,46,0,0,0,0,0,0,0,0,0,0,0,0,0,0,0,0,0,0,46,46,0,0,0,0,494,0,0,0,0,0,0,0,0,0,0,0,0,0,0,0,0,0,0,0,0,0,494,166,166,166,166,166,166,166,166,166,166,167,114,114,114,114,114,114,114,114,0,0,70,70,0,0,0,70,71,
166,167,0,0,0,0,0,142,143,143,0,0,0,46,0,0,0,0,0,44,44,0,0,0,0,0,0,0,0,0,0,0,0,0,0,0,0,0,0,0,44,44,0,0,0,0,46,46,0,0,0,46,46,46,46,0,0,0,0,0,0,0,0,0,0,0,0,0,0,0,0,46,46,0,0,0,0,494,0,0,0,0,0,0,0,0,0,0,0,0,0,0,0,0,0,0,0,0,0,494,494,0,0,0,0,235,0,0,0,0,0,0,0,0,114,114,114,0,114,0,0,70,0,0,0,0,142,143,
22,23,0,0,0,0,0,495,495,143,0,0,0,46,0,0,0,0,0,44,44,0,0,0,0,0,0,0,0,0,0,0,0,0,0,0,0,0,0,0,44,44,0,0,0,0,46,46,0,0,0,46,46,46,46,46,46,46,114,114,115,115,115,115,44,44,44,44,44,44,44,46,46,0,0,0,0,494,0,0,0,0,0,0,0,0,0,0,0,0,0,0,0,0,0,0,0,0,0,494,0,0,0,0,0,235,0,0,0,0,0,0,0,0,0,0,0,0,114,0,0,70,0,0,0,0,166,167,
46,47,0,0,0,0,0,495,495,143,0,0,0,46,0,0,0,0,0,44,44,0,0,0,0,0,0,0,0,0,0,0,0,0,0,0,0,0,0,0,44,44,0,0,0,0,46,46,0,0,0,0,0,0,0,0,0,0,0,0,0,0,0,0,0,0,0,0,0,0,0,0,0,0,0,0,0,494,0,0,0,0,0,0,0,0,0,0,0,0,0,0,0,0,0,0,0,0,0,494,0,0,0,0,0,235,0,0,0,0,0,0,0,0,0,0,0,114,114,0,0,70,0,0,0,0,46,47,
118,119,0,0,0,0,0,142,143,143,0,0,506,507,0,0,0,0,0,44,44,0,0,0,0,0,0,0,0,0,0,0,0,0,0,0,0,0,0,0,44,44,0,0,0,0,46,46,0,0,0,0,0,0,0,0,0,0,0,0,0,0,0,0,0,0,0,0,0,0,0,0,0,0,0,0,0,494,494,494,494,494,0,0,0,0,0,0,0,0,0,494,494,494,0,0,0,494,494,494,0,0,0,0,0,235,0,0,0,0,0,0,0,0,0,0,0,114,0,0,0,70,0,70,0,0,70,71,
142,143,0,0,0,0,0,495,495,143,0,0,0,46,0,0,0,0,0,44,44,0,0,0,0,0,0,0,0,0,0,0,0,0,0,0,0,0,0,0,44,44,0,0,0,0,46,46,46,46,46,46,44,44,44,44,44,44,44,44,44,44,44,44,44,44,44,44,44,44,44,44,44,0,0,0,0,494,494,494,494,494,494,494,494,0,0,494,494,494,494,494,494,494,494,494,494,494,494,494,0,0,0,0,0,235,0,0,0,0,0,114,114,114,114,114,114,114,0,0,0,70,70,70,70,70,142,143,
22,23,0,0,0,0,0,495,495,507,0,0,0,46,0,0,0,0,0,44,44,0,0,0,0,0,0,0,0,0,0,0,0,0,0,0,0,0,0,0,44,44,0,0,0,0,46,46,0,0,0,0,0,0,0,0,0,0,0,0,0,0,0,0,0,0,0,0,0,0,0,0,0,0,0,0,0,0,0,166,474,475,0,0,0,494,494,494,0,0,0,0,0,0,0,0,0,0,0,115,0,0,0,0,0,235,0,0,0,0,114,114,0,0,0,0,0,0,0,0,0,0,0,0,0,0,166,167,
46,47,494,494,494,494,494,142,143,143,0,0,0,46,0,0,0,0,0,44,44,0,0,0,0,0,0,0,0,0,0,0,0,0,0,0,0,0,0,0,44,44,0,0,0,0,46,46,0,0,0,0,0,0,0,0,0,0,0,0,0,0,0,0,0,0,0,0,0,0,0,0,0,0,0,0,0,0,0,166,474,475,0,0,0,0,0,0,0,0,0,0,0,0,0,0,0,0,0,115,0,0,0,0,0,235,235,0,0,0,114,0,0,0,0,0,0,0,0,0,0,0,0,0,0,0,46,47,
142,143,494,494,494,513,494,494,494,143,0,0,0,46,0,0,0,0,0,114,115,115,115,114,115,114,115,46,47,0,0,0,0,46,47,114,115,114,115,115,115,115,0,0,0,0,46,46,0,0,0,0,0,0,0,0,0,0,0,0,0,0,0,0,0,0,0,0,0,0,0,0,0,0,0,0,0,0,0,166,474,475,0,0,0,0,0,0,0,0,0,0,0,0,0,0,0,0,0,115,115,0,0,0,0,235,0,0,0,0,114,0,0,0,0,0,0,0,0,0,0,0,0,0,0,0,70,71,
166,167,0,0,494,494,494,0,0,0,0,0,506,507,0,0,0,0,0,0,0,0,0,0,0,0,0,94,95,0,0,0,0,70,71,0,0,0,0,0,0,0,0,0,0,0,46,46,0,0,0,0,0,0,0,0,0,0,0,0,0,0,0,0,0,0,0,0,0,0,0,0,0,0,0,0,0,0,0,166,474,475,0,0,0,0,0,494,115,115,115,115,114,114,114,114,115,0,0,115,115,115,0,0,0,235,0,0,0,114,114,0,0,0,0,0,0,0,0,0,0,0,0,0,0,0,142,143,
22,23,0,0,0,0,0,0,0,0,0,0,0,507,0,0,0,0,0,0,0,0,0,0,0,0,0,118,119,0,0,0,0,118,119,0,0,0,0,0,0,0,0,0,0,0,0,0,0,0,0,166,472,472,472,472,472,472,472,472,472,456,472,456,456,0,0,0,115,116,0,0,0,0,44,0,0,0,0,166,494,494,0,0,0,0,0,494,115,114,115,114,114,115,115,114,114,114,115,115,115,0,0,0,0,235,0,0,0,114,114,114,114,114,114,114,114,70,70,70,70,70,70,0,0,0,166,167,
46,47,0,0,0,0,0,0,0,0,0,0,0,507,0,0,0,0,0,0,0,0,0,0,0,0,0,142,143,0,0,0,0,142,143,0,0,0,0,0,0,0,0,0,0,0,0,0,0,0,0,166,167,0,0,0,0,0,0,472,472,472,0,0,0,0,0,0,115,116,0,0,0,0,44,0,0,0,0,166,494,494,0,0,0,0,0,494,115,0,0,0,0,0,0,0,0,0,0,0,0,0,0,0,0,235,0,0,0,0,0,0,0,0,0,0,0,0,0,0,70,70,0,0,0,142,46,47,
142,143,0,0,0,0,0,0,0,0,0,0,0,507,507,507,507,507,507,507,507,507,507,507,507,507,507,142,143,0,0,0,0,166,167,513,513,513,513,513,513,513,513,513,0,0,0,0,0,166,167,166,167,0,0,0,0,0,0,0,0,0,0,0,0,0,0,0,115,116,0,0,0,0,44,0,0,0,0,166,494,494,0,0,0,0,0,494,115,0,0,0,0,0,0,0,0,0,0,0,0,0,0,0,0,0,0,0,0,0,0,0,0,0,0,0,0,0,0,0,70,70,70,0,0,166,70,71,
166,167,186,186,186,186,186,187,187,187,187,506,507,490,235,235,235,235,235,235,235,235,235,235,235,235,235,142,143,0,0,0,0,166,167,166,167,513,513,513,513,513,513,166,167,166,167,166,167,166,167,166,167,0,0,0,0,0,0,0,0,0,0,0,0,0,0,0,115,116,0,0,0,0,44,0,0,0,0,166,494,494,0,0,0,0,0,115,115,0,0,0,0,0,0,0,0,0,0,0,0,0,0,0,0,0,0,0,0,0,0,0,0,0,0,0,0,0,0,0,70,70,70,0,0,166,142,143,
22,23,0,0,186,187,187,187,187,0,0,0,0,0,0,0,0,0,0,0,0,0,0,0,0,0,0,0,0,0,0,0,0,0,0,0,0,0,0,0,0,0,0,0,0,0,0,0,166,166,167,45,46,47,48,45,46,47,48,189,189,189,189,189,189,189,189,189,190,0,0,0,0,0,44,0,0,0,0,166,167,0,0,0,0,0,0,115,0,0,0,0,0,0,0,0,0,0,0,0,0,0,0,0,0,0,0,0,0,0,0,114,114,114,114,114,115,0,0,0,70,70,70,0,0,166,166,167,
46,47,0,0,0,0,0,0,0,0,0,0,0,0,0,0,0,0,0,0,0,0,0,0,0,0,0,0,0,0,0,0,0,0,0,0,0,0,0,0,0,0,0,0,0,0,0,0,0,0,0,0,0,0,0,0,0,0,0,0,0,0,0,0,0,0,0,0,92,0,0,0,0,0,44,0,0,0,0,166,167,0,0,0,0,494,494,115,114,114,114,114,114,114,114,114,114,115,114,114,115,115,0,0,0,0,0,0,0,0,0,114,0,0,0,0,0,0,0,0,70,70,70,0,0,166,46,47,
46,47,0,0,0,0,0,0,0,0,0,0,0,0,0,0,0,0,0,0,0,0,0,0,0,0,0,0,0,0,0,0,0,0,0,0,0,0,0,0,0,0,0,0,0,0,0,0,0,0,0,0,0,0,0,0,0,0,0,0,0,0,0,0,0,0,0,0,92,0,0,0,0,0,44,0,0,0,0,166,167,0,0,0,0,0,0,0,0,0,0,0,0,0,0,0,114,114,114,115,0,115,115,0,0,0,0,0,0,0,0,114,114,114,0,0,0,0,0,0,70,70,70,0,0,166,70,71,
142,143,0,0,0,0,0,186,187,187,187,187,187,113,116,0,0,0,0,114,114,114,114,114,114,114,235,114,114,115,116,115,116,46,47,47,47,166,167,166,167,166,167,166,167,166,167,0,0,0,0,45,46,47,48,46,47,48,47,48,189,189,189,189,190,0,0,0,92,0,0,0,0,0,44,0,0,0,0,166,167,0,0,0,0,0,0,0,0,0,0,0,0,0,0,0,0,0,0,0,0,114,115,0,0,0,0,0,0,0,0,0,0,114,114,114,0,0,0,0,70,70,70,0,0,166,142,143,
166,167,0,0,0,0,0,0,0,0,0,0,0,113,116,0,0,0,0,0,0,0,0,0,0,0,0,235,0,0,0,0,0,0,0,0,0,0,0,0,0,0,0,0,0,0,235,0,0,0,0,0,0,0,0,0,0,0,0,0,0,0,0,0,68,0,0,0,68,0,0,0,0,0,44,0,0,0,0,166,167,0,0,0,0,0,0,0,0,0,0,0,0,0,0,0,0,0,0,0,0,115,115,0,0,0,0,0,0,0,0,0,0,0,0,114,0,0,0,0,70,70,70,0,0,166,166,167,
22,23,0,0,0,0,0,0,0,0,0,0,0,113,116,0,0,0,0,0,0,0,0,0,0,0,0,235,0,0,0,0,0,0,0,0,0,0,0,0,0,0,0,0,0,0,235,0,0,0,0,0,0,0,0,0,0,0,0,0,0,0,0,0,92,0,0,0,92,0,0,0,0,0,44,0,0,0,0,166,167,0,0,0,0,0,0,0,0,0,0,0,0,0,0,0,0,0,0,0,0,115,0,0,0,0,0,0,0,0,0,0,0,0,114,114,0,0,0,0,70,70,70,0,0,0,46,47,
46,47,0,0,0,0,0,0,0,0,0,0,0,46,47,0,0,0,0,0,0,0,0,0,0,0,0,235,0,0,0,0,0,0,0,0,0,0,0,0,0,0,0,0,0,0,235,0,0,0,0,0,0,0,0,0,0,0,0,0,0,0,0,0,68,0,0,0,68,0,0,0,0,0,44,166,166,166,166,167,166,166,166,166,167,115,115,115,115,115,115,115,0,0,0,0,115,115,115,115,115,114,114,114,114,115,114,114,114,114,0,0,0,0,114,114,0,0,0,0,70,70,70,0,0,0,70,71,
142,143,0,0,0,0,0,166,166,166,166,166,167,46,47,0,0,0,0,0,0,0,0,0,0,0,0,235,235,235,235,235,235,235,235,235,235,235,235,235,235,235,0,0,0,0,235,0,0,0,0,0,0,0,0,0,0,0,0,0,0,0,0,0,92,0,0,0,92,0,0,0,0,0,0,0,0,0,0,0,0,0,0,0,0,0,0,0,0,0,0,0,0,0,0,0,0,0,0,0,0,0,0,114,114,114,114,115,0,0,0,0,0,0,114,114,114,0,0,70,70,70,70,0,0,0,142,143,
166,167,0,0,0,0,0,166,166,167,167,166,167,46,46,46,46,47,46,44,44,47,46,0,0,0,0,235,235,0,0,0,0,0,0,0,235,235,235,235,235,235,0,0,0,0,233,45,45,45,45,45,46,47,47,45,45,45,46,47,0,0,0,0,68,0,0,0,68,0,0,0,0,0,0,0,0,0,0,0,0,0,0,0,0,0,0,0,0,0,0,0,0,0,0,0,0,0,0,0,0,0,0,0,0,0,0,0,0,0,0,0,0,0,70,71,114,0,0,70,70,70,70,0,0,0,166,167,
22,23,0,0,0,0,0,0,0,0,0,0,0,0,0,0,46,46,46,47,0,0,235,0,0,0,0,0,0,0,0,0,0,0,0,0,0,0,0,0,0,0,0,0,0,0,233,0,0,0,0,0,0,0,0,0,0,0,0,0,0,0,0,0,92,0,0,0,92,0,0,0,0,0,0,0,0,0,0,0,0,0,0,0,0,0,0,0,0,0,0,0,0,0,0,0,0,0,0,0,0,0,0,0,0,0,0,0,0,0,0,0,0,0,70,71,0,0,0,0,70,70,70,0,0,0,46,47,
46,47,0,0,0,0,0,0,0,0,0,0,0,0,0,0,0,0,0,0,0,0,235,0,0,0,0,0,0,0,0,0,0,0,0,0,0,0,0,0,0,0,0,0,0,0,233,0,0,0,0,0,0,0,0,0,0,0,0,0,0,0,0,0,44,0,0,0,44,0,0,0,0,0,0,0,0,0,0,0,0,0,115,115,115,0,0,0,0,0,0,0,0,0,0,115,115,115,115,0,0,0,0,0,0,0,0,0,0,0,0,0,0,0,70,71,0,0,0,0,0,0,0,0,0,0,70,71,
142,143,0,0,0,0,0,0,0,0,0,0,0,0,0,0,0,0,0,0,0,0,235,0,0,0,0,0,0,0,0,0,0,0,0,0,0,0,0,0,0,0,0,0,0,0,233,0,0,0,0,0,0,0,0,0,0,0,0,0,0,0,0,0,68,0,0,0,68,0,0,0,0,189,189,189,189,190,115,115,115,115,0,0,115,115,115,115,115,115,115,115,115,115,115,115,235,235,115,115,115,115,114,114,115,114,115,115,0,0,0,0,0,0,70,71,0,0,0,0,0,0,0,0,0,0,142,143,
166,167,189,189,189,189,189,189,189,189,189,189,189,189,189,189,189,189,189,189,189,189,189,189,189,189,189,189,189,189,189,189,189,189,189,189,189,189,189,189,189,189,189,189,189,190,233,189,189,189,189,189,189,189,189,189,189,189,189,189,189,189,189,189,92,0,0,0,92,189,189,189,189,189,189,189,189,189,189,189,189,189,189,189,189,189,189,189,189,189,189,189,189,189,189,189,189,189,189,189,189,189,189,189,189,189,189,189,189,189,189,189,189,189,189,189,189,189,189,189,189,189,189,189,189,190,166,167

[Object Layer 1]
type=player
location=65,38,1,1

[Object Layer 1]
type=coin
location=89,35,1,1

[Object Layer 1]
type=coin
location=73,29,1,1

[Object Layer 1]
type=coin
location=68,28,1,1

[Object Layer 1]
type=coin
location=61,25,1,1

[Object Layer 1]
type=coin
location=71,21,1,1

[Object Layer 1]
type=coin
location=76,12,1,1

[Object Layer 1]
type=coin
location=99,25,1,1

[Object Layer 1]
type=coin
location=64,20,1,1

[Object Layer 1]
type=coin
location=98,35,1,1

[Object Layer 1]
type=coin
location=97,30,1,1

[Object Layer 1]
type=coin
location=52,20,1,1

[Object Layer 1]
type=coin
location=58,21,1,1

[Object Layer 1]
type=coin
location=12,5,1,1

[Object Layer 1]
type=coin
location=52,11,1,1

[Object Layer 1]
type=coin
location=52,5,1,1

[Object Layer 1]
type=coin
location=24,10,1,1

[Object Layer 1]
type=coin
location=47,32,1,1

[Object Layer 1]
type=coin
location=43,32,1,1

[Object Layer 1]
type=coin
location=28,3,1,1

[Object Layer 1]
type=coin
location=38,31,1,1

[Object Layer 1]
type=coin
location=24,21,1,1

[Object Layer 1]
type=coin
location=15,24,1,1

[Object Layer 1]
type=coin
location=12,14,1,1

[Object Layer 1]
type=coin
location=25,32,1,1

[Object Layer 1]
type=coin
location=13,32,1,1

[Object Layer 1]
type=coin
location=13,35,1,1

[Object Layer 1]
type=dragon
location=86,11,4,4

[Object Layer 1]
type=enemy
location=45,27,1,1

[Object Layer 1]
type=enemy
location=59,36,1,1

[Object Layer 1]
type=enemy
location=28,27,1,1

[Object Layer 1]
type=enemy
location=34,36,1,1

[Object Layer 1]
type=enemy
location=39,32,1,1

[Object Layer 1]
type=enemy
location=12,23,1,1

[Object Layer 1]
type=enemy
location=12,17,1,1

[Object Layer 1]
type=enemy
location=30,22,1,1

[Object Layer 1]
type=enemy
location=44,22,1,1

[Object Layer 1]
type=enemy
location=63,25,1,1

[Object Layer 1]
type=dragon
location=37,11,3,3

