[header]
width=128
height=42
tilewidth=16
tileheight=16
orientation=orthogonal
background_color=0,0,0,255

[tilesets]
tileset=C:/Users/bk161/OneDrive/Documents/Wii - Final Fantasy 4 The After Years - Castle Interior Tiles.png,16,16,0,0
tileset=C:/Users/bk161/gamedesign/Homework4/NYUCodebase/dirt-tiles.png,16,16,0,0
tileset=C:/Users/bk161/OneDrive/Documents/enemysolider.png,25,37,0,0
tileset=C:/Users/bk161/gamedesign/Homework4/NYUCodebase/george_0.png,48,48,0,0
tileset=C:/Users/bk161/OneDrive/Pictures/dragon.png,49,49,0,0
tileset=C:/Users/bk161/OneDrive/Documents/dragon2.png,128,128,0,0
tileset=C:/Users/bk161/gamedesign/Homework4/NYUCodebase/arne_sprites.png,16,16,0,0
tileset=C:/Users/bk161/OneDrive/Documents/enemyknight.png,29,37,0,0

[layer]
type=Tile Layer 1
data=
18,18,18,18,18,18,18,18,18,18,18,18,18,18,18,18,18,18,18,18,18,18,18,18,18,18,18,18,18,18,18,18,18,18,18,18,18,18,18,18,18,18,18,18,18,18,18,18,18,18,18,18,18,18,18,18,18,18,18,18,18,18,18,18,18,18,18,18,18,18,18,18,18,18,18,18,18,18,18,18,18,18,18,18,18,18,18,18,18,18,18,18,18,18,18,18,18,18,18,18,18,18,18,18,18,18,18,18,18,18,18,18,18,18,18,18,18,18,18,18,18,18,18,18,18,18,58,18,
18,0,0,0,0,0,0,0,0,0,0,0,0,0,0,0,0,0,0,0,0,0,0,0,0,0,0,0,0,0,0,0,0,0,0,0,0,0,0,159,0,0,0,0,0,0,0,0,0,0,0,0,0,0,0,18,18,18,18,0,0,0,0,0,18,18,18,18,18,18,18,18,18,18,18,18,18,18,18,18,0,0,18,18,18,18,18,0,18,18,18,18,18,18,18,18,18,18,18,18,0,0,0,0,0,0,0,0,0,0,0,0,0,0,0,0,0,0,0,58,58,49,50,50,51,58,58,18,
18,0,0,0,0,0,0,0,0,0,0,0,0,0,0,0,0,0,0,0,0,0,0,0,0,0,0,0,0,0,0,0,0,0,0,0,0,0,0,159,0,0,0,0,0,0,0,0,0,0,0,0,0,0,0,0,0,0,0,0,0,0,0,0,0,0,0,77,0,0,0,0,0,0,0,0,0,0,0,0,0,0,0,0,0,0,0,0,0,0,0,0,0,0,0,0,0,0,0,0,0,0,0,0,0,0,0,0,0,0,0,0,0,0,0,0,0,0,0,58,58,148,87,87,85,58,58,18,
18,0,0,0,0,0,0,0,0,0,0,0,0,0,0,0,0,0,0,0,0,0,0,0,0,0,0,0,0,0,0,0,0,0,0,0,0,0,0,159,0,0,0,0,0,0,0,0,0,0,0,0,0,0,0,0,0,0,0,0,0,0,0,0,0,0,0,77,0,0,0,0,0,0,0,0,0,0,0,0,0,0,0,0,0,0,0,0,0,0,0,0,0,0,0,0,0,0,0,0,0,0,0,0,0,0,0,0,0,0,0,0,0,0,0,0,0,0,0,58,58,148,87,87,85,58,58,18,
18,18,0,0,0,0,0,0,0,0,0,0,0,0,0,0,0,0,0,0,0,0,0,0,0,0,0,0,0,0,0,0,0,0,0,0,0,0,0,159,0,0,0,0,0,0,0,0,0,0,0,0,0,0,0,0,0,0,0,0,0,0,0,0,0,0,0,77,0,0,0,0,0,0,0,0,0,0,0,0,0,0,0,0,0,0,0,0,0,0,0,0,0,0,0,0,0,0,0,0,0,0,0,0,0,0,0,0,0,0,0,0,0,0,0,0,0,0,0,58,58,146,87,87,85,58,58,18,
18,18,0,0,0,0,0,0,0,0,0,0,0,0,0,0,0,0,0,0,0,0,0,0,0,0,0,0,0,0,0,0,0,0,0,0,0,0,0,159,0,0,0,0,0,0,0,0,0,0,0,0,0,0,0,0,0,0,0,0,0,0,0,0,0,0,0,77,0,0,0,0,0,0,0,2,2,2,2,2,2,3,3,3,3,0,0,0,0,0,0,0,2,2,0,0,0,0,0,0,0,0,0,0,0,77,77,77,77,77,77,77,77,77,77,77,77,77,77,58,58,146,87,87,85,58,58,18,
18,52,52,52,0,0,0,0,0,0,0,0,0,0,0,0,0,0,0,0,0,0,0,58,0,0,0,0,0,0,0,0,0,0,0,0,0,0,0,159,0,0,0,0,0,0,0,0,0,0,0,0,0,0,0,0,0,0,0,0,77,0,0,0,0,0,0,77,77,0,0,0,0,0,0,2,0,0,0,0,0,0,0,2,2,0,0,0,0,0,0,0,2,2,2,2,2,2,2,2,0,0,0,0,0,77,0,0,0,0,0,0,0,0,0,0,0,0,0,0,0,0,0,0,0,0,18,18,
18,18,0,52,52,52,52,52,52,52,52,52,52,52,0,0,0,0,0,0,0,0,0,58,0,0,0,0,0,0,0,0,0,0,0,0,0,0,0,159,0,0,0,0,0,0,0,0,0,0,0,0,0,0,0,0,0,0,0,0,77,0,0,0,0,0,0,77,77,0,0,0,0,0,0,2,0,0,0,0,0,0,0,0,2,0,0,0,0,0,0,0,2,0,0,0,0,0,0,2,2,2,2,2,2,77,0,0,0,0,0,0,0,0,0,0,0,0,0,0,0,0,0,0,0,0,18,18,
18,18,0,0,0,0,0,0,0,0,0,0,0,52,52,52,0,0,0,0,0,0,58,58,0,0,0,0,0,0,0,0,0,0,0,0,0,0,0,159,0,0,0,0,0,77,77,77,77,77,77,77,77,0,0,0,0,0,0,0,77,0,0,0,0,0,0,77,0,0,0,0,0,0,0,2,0,0,0,0,0,0,0,0,2,0,0,0,0,0,0,0,2,0,0,0,0,0,0,0,0,0,0,0,77,0,0,0,0,0,0,0,0,0,0,0,0,0,0,0,0,0,0,0,0,0,18,18,
18,18,0,0,0,0,0,0,0,0,0,0,0,0,0,52,0,0,0,0,0,0,58,0,0,0,0,0,0,0,0,0,0,0,0,0,0,0,0,159,0,0,0,0,0,77,0,0,0,0,0,0,77,77,0,0,0,0,0,0,77,77,0,0,0,0,0,77,0,0,0,0,0,0,0,2,0,0,0,3,0,0,0,0,2,0,0,0,0,0,0,0,2,0,0,0,0,0,0,0,0,0,0,0,77,0,0,0,0,0,0,0,0,0,0,0,0,0,0,0,0,0,0,0,0,0,18,18,
18,0,0,0,0,0,0,0,0,0,0,0,0,0,0,52,0,0,0,0,0,0,58,0,0,0,0,0,0,0,0,0,0,0,0,0,0,0,0,69,0,0,0,0,0,77,0,0,0,0,0,0,0,77,0,0,0,0,0,0,0,77,0,0,0,0,0,77,0,0,0,0,0,0,0,2,0,0,0,3,0,0,0,2,2,0,0,0,0,0,0,0,3,0,0,0,0,0,0,0,0,0,0,0,77,0,0,0,0,0,0,0,0,0,0,0,0,0,0,0,0,0,0,0,0,0,18,18,
18,0,0,0,0,0,0,0,0,0,0,0,0,0,0,52,0,0,0,0,0,0,58,58,0,0,0,0,0,0,0,0,0,0,0,0,0,0,0,69,0,0,0,0,0,77,0,0,0,0,0,0,0,77,0,0,0,0,0,0,0,77,0,0,0,0,0,77,0,0,0,0,0,0,0,2,0,0,0,3,0,0,0,2,2,0,0,0,0,0,0,0,3,2,0,0,0,0,78,0,0,0,0,0,77,0,0,0,0,0,0,0,0,0,0,0,0,0,0,0,0,0,0,0,0,0,18,18,
18,0,0,0,0,0,0,0,0,0,0,0,0,0,0,52,0,0,0,0,0,0,0,58,0,0,0,0,0,0,0,0,0,0,0,0,0,0,0,69,0,0,0,0,0,77,0,0,0,0,0,0,0,77,0,0,0,0,0,0,0,77,0,0,0,0,0,77,0,0,0,0,0,0,2,2,0,0,0,3,0,0,0,2,2,0,0,0,0,0,0,3,3,2,0,0,0,0,78,0,0,0,0,0,77,0,0,0,0,0,0,0,0,0,0,0,0,0,0,0,0,0,0,0,0,0,18,18,
18,0,0,0,0,0,0,52,0,0,0,0,0,0,0,52,0,0,0,0,0,0,0,58,0,0,0,0,0,0,0,0,0,0,0,0,0,0,0,69,0,0,0,0,0,77,0,0,0,53,53,53,53,77,0,0,0,0,0,0,0,77,0,0,0,0,0,0,77,0,0,0,0,0,0,2,0,0,0,3,3,3,3,3,2,0,0,0,0,0,0,3,2,2,0,0,0,0,78,0,0,0,0,0,77,0,0,0,0,0,0,0,0,0,0,0,0,0,0,0,0,0,0,0,0,0,18,18,
18,0,0,0,0,0,52,52,0,0,0,0,0,0,0,52,0,0,0,0,0,0,0,58,0,0,0,0,0,0,0,0,0,0,0,0,0,0,0,69,0,0,0,0,0,77,0,0,0,0,0,0,0,77,0,0,0,0,0,0,0,77,0,0,0,0,0,0,77,0,0,0,0,0,0,2,0,0,0,0,0,0,0,2,2,0,0,0,0,0,0,3,3,0,0,0,0,0,78,0,0,0,0,0,77,0,0,0,0,0,0,0,0,0,0,0,0,0,0,0,0,0,0,0,0,0,18,18,
18,0,0,0,0,0,52,0,0,0,0,0,0,0,0,52,0,0,0,0,0,0,58,58,0,0,0,0,0,0,0,0,0,0,0,0,0,0,0,69,0,0,0,0,0,77,0,0,0,0,0,0,0,77,0,0,0,0,0,0,0,77,0,0,0,0,0,0,77,0,0,0,0,0,0,2,0,0,0,0,0,0,0,2,2,0,0,0,0,0,0,3,3,0,0,0,0,0,78,0,0,0,0,0,77,77,0,0,0,0,0,0,0,0,0,0,0,0,0,0,0,0,0,0,0,0,0,18,
18,0,0,0,0,0,52,0,0,0,0,0,0,0,0,52,0,0,0,0,0,0,159,0,0,0,0,0,0,0,0,0,0,0,0,0,0,0,0,69,0,0,0,0,0,77,0,0,0,0,0,0,0,77,0,0,0,0,0,0,0,77,0,0,0,0,0,0,77,0,0,0,0,0,0,2,0,0,0,0,0,0,0,2,2,0,0,0,0,0,0,3,2,0,0,0,0,0,78,0,0,0,0,0,0,77,0,0,0,0,0,0,0,0,0,0,0,0,0,0,0,0,0,0,0,0,18,18,
18,0,0,0,0,0,52,52,52,0,0,0,0,0,0,52,0,0,0,0,0,0,159,0,0,0,0,0,0,0,0,0,0,0,0,0,0,0,0,69,0,0,0,0,0,77,0,0,0,0,0,0,0,77,0,0,0,0,0,0,0,77,0,0,0,0,0,0,77,0,0,0,0,0,0,2,0,0,0,0,0,0,0,2,2,0,0,0,0,0,0,2,0,0,0,0,0,0,78,0,0,0,0,0,77,77,0,0,0,0,0,0,0,0,0,0,0,0,0,0,0,0,0,0,0,0,18,18,
18,0,0,0,0,0,0,0,52,52,52,52,52,52,52,52,0,0,0,0,0,0,159,159,0,0,0,0,0,0,0,0,0,0,0,0,0,0,159,69,0,0,0,0,0,77,77,0,0,0,0,0,0,77,0,0,0,0,0,0,0,77,0,0,0,0,0,77,77,0,0,0,0,0,0,2,0,0,0,0,0,0,0,0,2,0,0,0,0,0,0,2,0,0,0,0,0,0,78,0,0,0,0,0,77,0,0,0,0,0,0,0,0,0,0,0,0,0,0,0,0,0,0,0,0,0,18,18,
18,0,0,0,0,0,0,0,0,0,0,0,0,0,0,0,0,0,0,0,0,0,159,159,159,159,159,159,159,159,159,159,159,159,159,159,69,69,69,69,0,0,0,0,0,77,77,53,53,53,0,0,0,77,0,0,0,0,0,0,0,77,0,0,0,0,0,77,77,0,0,0,0,0,0,2,0,0,0,0,0,0,0,0,2,0,0,0,0,0,2,0,0,0,0,0,0,0,78,0,0,0,0,0,77,0,0,0,0,0,0,0,0,0,0,0,0,0,0,0,0,0,0,0,0,0,18,18,
18,0,0,0,0,0,0,0,0,0,0,0,0,0,0,0,0,0,0,0,0,0,0,0,0,0,0,0,0,0,0,0,0,0,0,0,0,0,0,0,0,0,0,0,0,77,53,53,53,0,0,0,0,77,0,0,0,0,0,0,0,77,0,0,0,0,0,77,77,0,0,0,0,0,2,2,0,0,0,0,0,0,0,0,2,0,0,0,0,2,2,0,0,0,0,0,0,0,78,0,0,0,0,0,77,0,0,0,0,0,0,0,0,0,0,0,0,0,0,0,0,0,0,0,0,0,18,18,
18,0,0,0,0,0,0,0,0,0,0,0,0,0,0,0,0,0,0,0,0,0,0,0,0,0,0,0,0,0,0,0,0,0,0,0,0,0,0,0,0,0,0,0,0,77,77,0,0,0,0,0,0,77,0,0,0,0,0,0,0,77,0,0,0,0,0,77,77,0,0,0,0,0,2,0,0,0,0,0,0,0,0,0,2,2,2,0,0,2,0,0,0,0,0,0,0,0,78,0,0,0,0,0,77,0,0,0,0,0,0,0,0,0,0,0,0,0,0,0,0,0,0,0,0,0,18,18,
18,0,0,0,0,0,58,58,0,0,58,58,58,58,58,0,0,0,0,0,0,0,0,0,0,0,0,0,0,0,0,0,0,0,0,0,0,0,0,0,0,0,0,0,0,77,0,0,0,0,0,0,0,77,0,0,0,0,0,0,0,77,0,0,0,0,0,77,77,0,0,0,0,0,2,2,2,2,2,2,0,0,0,0,0,0,2,2,2,2,0,0,0,0,0,0,0,0,53,78,78,78,78,78,77,0,0,0,0,0,0,0,0,0,77,77,77,77,77,77,77,77,77,77,77,77,18,18,
18,18,0,0,0,0,58,58,58,58,58,0,0,0,58,0,0,0,0,0,0,0,0,0,0,0,0,0,0,0,0,58,58,58,0,0,0,0,0,0,0,0,0,0,0,77,0,0,0,0,0,0,0,77,0,0,0,0,0,0,0,77,0,0,0,0,0,77,77,0,0,0,0,0,0,0,0,0,2,2,0,0,0,0,0,0,0,0,0,0,0,0,0,0,0,0,0,0,0,0,0,0,0,78,77,0,0,0,0,0,77,77,77,77,77,77,77,77,77,77,77,77,77,77,77,77,18,18,
18,0,0,0,0,0,58,58,0,0,0,0,0,0,58,0,0,0,0,0,0,0,58,58,58,0,58,58,58,58,58,0,0,58,58,58,58,44,44,0,0,0,0,0,0,44,0,0,0,0,0,0,0,77,77,77,77,77,77,77,77,77,0,0,0,0,0,0,77,0,0,0,0,0,0,0,0,0,0,0,0,0,0,0,0,0,0,0,0,0,0,0,0,0,0,0,0,0,0,0,0,0,0,0,0,0,0,0,0,0,77,0,0,0,0,0,0,0,0,0,0,0,0,0,0,0,0,18,
18,0,0,0,0,0,58,58,58,0,0,0,0,0,58,0,0,0,0,0,0,0,58,0,58,58,58,0,0,0,0,0,0,0,0,0,0,0,0,0,0,0,0,0,0,44,0,0,0,0,0,0,0,0,0,0,0,0,0,0,0,0,0,0,0,0,0,0,77,0,0,0,0,0,0,0,0,0,0,0,0,0,0,0,0,0,0,0,0,0,0,0,0,0,0,0,0,0,0,0,0,0,0,0,0,0,0,0,0,57,77,0,0,0,0,0,0,0,0,0,0,0,0,0,0,0,0,18,
18,0,0,0,0,0,58,58,58,0,0,0,0,0,58,0,0,0,0,0,0,0,58,0,0,0,0,0,0,0,0,0,0,0,0,0,0,0,0,0,0,0,0,0,0,44,0,0,0,0,0,0,0,0,0,0,0,0,0,0,0,0,0,0,0,0,0,0,2,2,2,0,0,0,0,0,0,0,0,0,0,0,0,0,0,0,0,0,0,0,0,0,0,0,0,0,0,0,0,0,0,0,0,0,0,0,0,0,0,57,0,0,0,0,0,0,0,0,0,0,0,0,0,0,0,0,0,18,
18,0,0,0,0,0,58,58,58,0,0,0,0,0,58,58,0,0,0,0,0,58,58,0,0,0,0,0,0,0,0,0,0,0,0,0,0,0,0,0,0,0,0,0,0,44,0,0,0,0,0,0,0,0,0,0,0,0,0,0,0,0,0,0,0,0,0,0,0,0,2,0,0,0,0,0,0,0,0,0,0,0,0,0,0,0,0,0,0,0,0,0,0,0,0,0,0,0,0,0,0,0,0,0,0,0,0,0,0,57,0,0,0,0,0,0,0,0,0,0,0,0,0,0,0,0,0,18,
18,0,0,0,0,0,58,58,0,0,0,0,0,0,53,58,0,0,0,0,0,58,58,0,0,0,0,0,0,0,0,0,0,0,0,0,0,0,0,0,0,0,0,0,0,44,0,0,0,0,0,0,0,0,0,0,0,0,0,0,0,0,0,0,0,0,0,0,0,0,2,2,0,0,0,0,0,2,2,0,0,0,0,0,0,28,28,0,0,0,0,0,0,0,0,0,0,0,0,0,0,0,0,0,0,0,0,0,0,57,0,0,0,0,0,0,0,0,0,0,0,0,0,0,0,0,0,18,
18,0,0,0,0,0,0,58,0,0,0,0,0,53,53,0,0,0,0,0,58,58,58,0,0,0,0,0,0,53,53,53,53,0,0,0,0,0,0,0,0,0,0,0,0,44,0,0,0,0,0,0,0,0,0,0,0,0,0,0,0,0,0,59,59,0,0,0,0,0,0,2,0,0,0,0,0,2,0,0,0,0,0,0,0,28,28,28,28,28,28,28,28,28,57,57,57,57,57,0,0,0,0,0,0,0,0,0,0,57,0,0,0,0,78,78,78,78,78,78,78,78,78,78,78,78,78,18,
18,0,0,0,0,0,0,58,0,0,0,0,0,53,53,0,0,0,0,0,58,58,58,0,0,0,0,0,0,53,0,0,53,53,53,53,53,53,53,53,0,0,0,0,0,44,0,0,0,59,59,59,59,59,59,59,59,59,59,59,59,59,59,59,59,0,0,0,0,0,0,2,0,0,0,0,0,2,0,0,0,0,0,0,0,28,28,0,0,0,0,0,0,0,0,0,0,57,57,0,0,0,0,0,0,160,160,160,160,77,0,0,0,78,78,0,0,0,0,0,0,0,0,0,0,0,18,18,
18,0,0,0,0,0,0,0,0,0,0,0,0,0,53,0,0,0,0,0,0,58,58,58,0,0,0,0,0,53,0,0,0,0,0,0,0,0,0,53,0,0,0,0,0,59,59,59,59,59,0,0,0,0,0,0,0,0,0,0,0,0,59,59,59,0,0,0,0,0,0,2,0,0,0,0,0,2,2,0,0,0,0,0,0,0,28,0,0,0,0,0,0,0,0,0,0,57,57,0,0,0,0,0,0,0,0,0,0,0,0,0,0,78,0,0,0,0,0,0,0,0,0,0,0,0,0,18,
18,0,0,0,0,0,0,0,0,0,0,0,0,0,53,0,0,0,0,0,0,58,58,58,0,0,0,0,0,53,0,0,0,0,0,0,0,0,0,53,0,0,0,0,0,44,0,0,0,0,0,0,0,0,0,0,0,0,0,0,0,0,0,59,59,59,0,0,0,0,0,2,2,0,0,0,0,0,2,0,0,0,0,0,0,0,28,0,0,0,0,0,0,0,0,0,0,57,57,0,0,0,0,0,0,0,0,0,0,0,0,0,0,78,0,0,0,0,0,0,0,0,0,0,0,0,0,18,
18,0,0,0,0,0,0,0,0,0,0,0,0,0,53,0,0,0,0,0,0,58,58,0,0,0,0,0,0,53,0,0,0,0,0,0,0,0,0,53,0,0,0,0,0,44,0,0,0,0,0,0,0,0,0,0,0,0,0,0,0,0,0,0,59,59,0,0,0,0,0,0,2,0,0,0,0,0,2,0,0,0,0,0,0,0,28,0,0,0,0,0,0,0,0,0,0,57,57,0,0,0,0,0,0,0,0,0,0,0,0,0,0,78,0,0,0,0,78,78,78,78,53,0,0,0,0,18,
18,0,0,0,0,0,0,0,0,0,0,0,0,0,53,0,0,0,0,0,0,58,58,0,0,0,0,0,0,53,0,0,0,0,0,0,0,0,0,53,0,0,0,0,0,44,0,0,0,0,0,0,0,0,0,0,0,0,0,0,0,0,0,0,59,59,59,0,0,0,0,0,2,0,0,0,0,0,2,0,0,0,0,0,0,0,28,0,0,0,0,0,4,4,4,4,44,28,28,38,0,0,0,0,0,0,0,0,0,0,0,0,0,78,0,0,0,0,0,0,0,0,53,0,0,0,0,18,
18,53,53,53,53,53,53,53,53,53,0,0,0,0,53,0,0,0,0,0,0,58,58,0,0,0,0,0,53,53,0,0,0,0,0,0,0,0,0,53,0,0,0,0,0,44,0,0,0,0,0,0,0,0,0,0,0,0,0,0,0,0,0,0,59,0,59,0,0,0,0,2,2,0,0,0,0,0,2,0,0,0,0,0,0,28,28,0,0,0,0,0,4,4,4,4,44,38,28,38,38,57,28,28,28,28,28,28,0,0,0,0,0,78,0,0,0,0,0,0,0,0,53,0,0,0,0,18,
53,53,53,53,53,53,53,53,53,53,53,53,53,53,53,0,0,0,0,0,0,58,58,53,53,53,53,53,53,53,0,0,0,0,53,53,53,53,53,53,0,0,0,0,0,59,59,59,59,59,59,59,59,59,59,59,59,59,59,0,0,0,0,0,0,59,59,0,0,0,0,2,0,0,0,2,2,2,2,0,0,0,0,0,28,28,0,0,0,0,0,0,0,0,0,0,0,0,0,0,28,28,0,0,0,0,0,0,0,0,0,0,0,78,0,0,0,0,0,0,0,0,53,0,0,0,0,18,
0,0,0,0,0,0,0,0,0,0,0,0,0,0,0,0,0,0,0,0,0,0,0,0,0,0,0,0,0,0,0,0,0,0,0,53,0,0,0,0,0,0,0,0,0,0,0,0,0,0,0,0,0,0,0,0,0,0,0,0,0,0,0,0,0,59,0,0,0,0,0,2,2,2,2,2,2,2,2,2,28,28,28,28,28,0,0,0,0,0,0,0,0,0,0,0,0,0,0,0,0,0,0,0,0,0,0,0,0,0,0,0,0,16,16,16,16,16,16,16,16,16,16,0,0,0,0,18,
0,0,0,0,0,0,0,0,0,0,0,0,0,0,0,0,0,0,0,0,0,0,0,0,0,0,0,0,0,0,0,0,0,0,0,53,53,0,0,0,0,0,0,0,0,0,0,0,0,0,0,0,0,0,0,0,0,0,0,0,0,0,0,0,59,59,0,0,0,0,0,0,0,0,0,0,0,0,0,0,0,0,0,0,0,0,0,0,0,0,0,0,0,0,0,0,0,0,0,0,0,0,0,0,0,0,0,0,0,0,0,0,0,0,0,0,0,0,0,0,0,0,0,0,0,0,0,18,
0,0,0,0,0,0,0,0,0,0,0,0,0,0,0,0,0,0,0,0,0,0,0,0,0,0,0,0,0,0,0,0,0,0,0,0,53,0,0,0,0,0,0,0,0,0,0,0,0,0,0,0,0,0,0,0,0,0,0,0,0,0,0,0,59,59,0,0,0,0,0,0,0,0,0,0,0,0,0,0,0,0,0,0,0,0,0,0,0,0,0,0,0,0,0,0,0,0,0,0,0,0,0,0,0,0,0,0,0,0,0,0,0,0,0,0,0,0,0,0,0,0,0,0,0,0,0,18,
0,0,0,0,0,0,0,0,0,0,0,0,0,0,0,0,0,0,0,0,0,0,0,0,0,0,0,0,0,0,0,0,0,0,0,0,53,0,0,0,0,0,0,0,0,0,0,0,0,0,0,0,0,0,0,0,0,0,0,0,0,0,0,59,59,59,0,0,0,0,0,0,0,0,0,0,0,0,0,0,0,0,0,0,0,0,0,0,0,0,0,0,0,0,0,0,0,0,0,0,0,0,0,0,0,0,0,0,0,0,0,0,0,0,0,0,0,0,0,0,0,0,0,0,0,0,18,18,
18,18,18,18,18,18,18,18,18,18,18,18,18,18,18,18,18,18,18,18,18,18,18,18,18,18,18,18,18,18,18,18,18,18,18,18,18,18,18,18,18,18,18,18,18,18,18,18,18,18,18,18,18,18,18,18,18,18,18,18,18,18,18,18,18,59,18,18,18,18,18,18,18,18,18,18,18,18,18,18,18,18,18,18,18,18,18,18,18,18,18,18,18,18,18,18,18,18,18,18,18,18,18,18,18,18,18,18,18,18,18,18,18,18,18,18,18,18,18,18,18,18,18,18,18,18,18,18

[Object Layer 1]
type=player
location=0,40,2,1

[Object Layer 1]
type=dragon2
location=33,17,3,3

[Object Layer 1]
type=dragon
location=119,10,3,3

[Object Layer 1]
type=coin
location=18,11,1,1

[Object Layer 1]
type=coin
location=18,20,1,1

[Object Layer 1]
type=coin
location=11,14,1,1

[Object Layer 1]
type=coin
location=2,11,1,1

[Object Layer 1]
type=coin
location=7,3,1,1

[Object Layer 1]
type=coin
location=10,26,1,1

[Object Layer 1]
type=coin
location=9,32,1,1

[Object Layer 1]
type=coin
location=2,28,1,1

[Object Layer 1]
type=coin
location=25,29,1,1

[Object Layer 1]
type=coin
location=25,33,1,1

[Object Layer 1]
type=coin
location=35,28,1,1

[Object Layer 1]
type=coin
location=31,27,1,1

[Object Layer 1]
type=coin
location=33,33,1,1

[Object Layer 1]
type=coin
location=24,39,1,1

[Object Layer 1]
type=coin
location=17,34,1,1

[Object Layer 1]
type=coin
location=41,16,1,1

[Object Layer 1]
type=coin
location=41,39,1,1

[Object Layer 1]
type=coin
location=50,34,1,1

[Object Layer 1]
type=coin
location=55,38,1,1

[Object Layer 1]
type=coin
location=55,28,1,1

[Object Layer 1]
type=coin
location=49,17,1,1

[Object Layer 1]
type=coin
location=48,10,1,1

[Object Layer 1]
type=coin
location=48,28,1,1

[Object Layer 1]
type=coin
location=55,19,1,1

[Object Layer 1]
type=coin
location=36,22,1,1

[Object Layer 1]
type=coin
location=63,14,1,1

[Object Layer 1]
type=coin
location=63,25,1,1

[Object Layer 1]
type=coin
location=68,37,1,1

[Object Layer 1]
type=coin
location=70,40,1,1

[Object Layer 1]
type=coin
location=74,28,1,1

[Object Layer 1]
type=coin
location=80,10,1,1

[Object Layer 1]
type=coin
location=78,18,1,1

[Object Layer 1]
type=coin
location=70,14,1,1

[Object Layer 1]
type=coin
location=88,12,1,1

[Object Layer 1]
type=coin
location=87,16,1,1

[Object Layer 1]
type=coin
location=101,15,1,1

[Object Layer 1]
type=coin
location=95,15,1,1

[Object Layer 1]
type=coin
location=81,31,1,1

[Object Layer 1]
type=coin
location=85,26,1,1

[Object Layer 1]
type=coin
location=97,26,1,1

[Object Layer 1]
type=coin
location=94,33,1,1

[Object Layer 1]
type=coin
location=83,39,1,1

[Object Layer 1]
type=coin
location=94,39,1,1

[Object Layer 1]
type=coin
location=117,36,1,1

[Object Layer 1]
type=coin
location=124,39,1,1

[Object Layer 1]
type=coin
location=124,33,1,1

[Object Layer 1]
type=coin
location=107,39,1,1

[Object Layer 1]
type=coin
location=117,27,1,1

[Object Layer 1]
type=coin
location=103,29,1,1

[Object Layer 1]
type=coin
location=111,3,1,1

[Object Layer 1]
type=coin
location=98,4,1,1

[Object Layer 1]
type=coin
location=87,4,1,1

[Object Layer 1]
type=coin
location=70,4,1,1

[Object Layer 1]
type=knight
location=8,21,1,1

[Object Layer 1]
type=knight
location=2,15,1,1

[Object Layer 1]
type=knight
location=2,31,1,1

[Object Layer 1]
type=knight
location=10,29,1,1

[Object Layer 1]
type=knight
location=25,31,1,1

[Object Layer 1]
type=knight
location=35,34,1,1

[Object Layer 1]
type=knight
location=29,39,1,1

[Object Layer 1]
type=knight
location=4,4,1,1

[Object Layer 1]
type=knight
location=29,23,1,1

[Object Layer 1]
type=knight
location=50,27,1,1

[Object Layer 1]
type=knight
location=48,11,1,1

[Object Layer 1]
type=knight
location=51,39,1,1

[Object Layer 1]
type=knight
location=56,17,1,1

[Object Layer 1]
type=knight
location=66,30,1,1

[Object Layer 1]
type=knight
location=62,17,1,1

[Object Layer 1]
type=knight
location=74,40,1,1

[Object Layer 1]
type=knight
location=73,30,1,1

[Object Layer 1]
type=knight
location=79,17,1,1

[Object Layer 1]
type=knight
location=86,10,1,1

[Object Layer 1]
type=knight
location=92,21,1,1

[Object Layer 1]
type=knight
location=99,19,1,1

[Object Layer 1]
type=knight
location=100,32,1,1

[Object Layer 1]
type=knight
location=121,28,1,1

[Object Layer 1]
type=knight
location=115,36,1,1

