[header]
width=128
height=40
tilewidth=16
tileheight=16
orientation=orthogonal
background_color=0,0,0,255

[tilesets]
tileset=C:/Users/bk161/gamedesign/Homework4/NYUCodebase/dirt-tiles.png,16,16,0,0
tileset=C:/Users/bk161/OneDrive/Documents/NES - The Legend of Zelda - Overworld Tiles2.png,16,16,0,0

[layer]
type=Tile Layer 1
data=
135,135,135,135,135,135,135,135,135,135,135,135,135,135,135,135,135,135,135,135,135,135,135,135,135,135,135,135,135,135,135,135,135,135,135,135,135,135,135,135,135,135,135,135,135,135,135,135,135,135,135,135,135,135,135,135,135,135,135,135,135,135,135,135,135,135,135,135,135,135,135,135,135,135,135,135,135,135,135,135,135,135,135,135,135,135,135,135,135,135,135,135,135,135,135,135,135,135,135,135,135,135,135,135,135,135,135,135,135,135,135,135,135,135,135,135,135,135,135,135,135,135,135,135,135,135,135,135,
135,0,0,0,0,0,0,0,0,0,0,0,0,0,0,0,0,0,0,0,0,0,0,0,0,0,0,0,0,0,0,0,0,0,15,0,0,0,0,0,0,0,0,0,0,0,0,0,0,0,0,0,0,0,0,0,0,0,0,0,0,0,0,0,0,0,0,0,0,0,0,0,0,0,0,0,0,0,0,0,0,0,0,0,0,0,0,0,0,0,0,0,0,0,0,0,0,0,0,0,0,0,0,0,0,0,88,0,0,0,0,0,0,0,0,0,0,0,0,0,0,0,0,0,0,0,0,135,
135,0,0,0,0,0,0,0,0,0,0,0,0,0,0,0,0,0,0,0,0,0,0,0,0,0,0,0,0,0,0,0,0,0,15,0,0,0,0,0,0,0,0,0,0,0,0,0,0,0,0,0,0,0,0,0,0,0,0,0,0,0,0,0,0,0,0,0,0,0,0,0,0,0,0,0,0,0,0,0,0,0,0,0,0,0,0,0,0,0,0,0,0,0,0,0,0,0,0,0,0,0,0,0,0,0,88,0,0,0,0,0,0,0,0,0,0,0,0,0,0,0,0,0,0,0,0,135,
135,0,0,0,0,0,0,0,0,0,0,0,0,0,0,0,0,0,0,0,0,0,0,0,0,0,0,0,0,0,0,0,0,0,15,0,0,0,0,0,0,0,0,0,0,0,0,0,0,0,0,0,0,0,0,0,0,0,0,0,0,0,0,0,0,0,0,0,0,0,0,0,0,0,0,0,0,0,0,0,0,0,0,0,0,0,0,0,0,0,0,0,0,0,0,0,0,0,0,0,0,0,0,0,0,0,88,0,0,0,0,0,0,0,0,0,0,0,0,0,0,0,0,0,0,0,0,135,
135,0,0,0,0,0,40,40,0,0,0,0,0,0,0,0,0,0,0,0,0,0,0,0,0,0,0,0,0,0,0,0,0,0,15,0,0,15,15,15,15,15,0,0,0,0,0,0,0,0,0,0,0,0,0,0,0,0,0,0,0,0,0,0,0,0,0,0,0,0,0,0,0,0,0,0,0,0,0,0,0,0,0,0,0,0,0,0,0,0,0,0,0,0,0,0,0,0,0,0,0,0,0,0,0,0,88,0,0,0,0,0,0,0,0,0,0,0,0,0,0,0,0,0,0,0,0,135,
135,0,0,0,0,0,40,40,40,40,40,40,40,40,40,40,40,40,40,40,40,40,40,40,40,40,40,40,0,0,0,0,0,0,15,15,15,15,15,0,0,15,15,15,15,15,15,15,15,15,15,15,15,15,15,15,0,0,0,0,0,0,0,0,0,0,0,0,0,0,0,0,15,15,15,0,0,0,0,0,0,0,0,0,0,88,88,0,0,0,0,0,0,0,0,0,0,0,0,0,0,0,0,0,0,0,40,88,0,0,0,0,0,0,88,88,0,0,0,0,40,0,0,0,0,0,0,135,
135,0,0,0,0,0,40,0,0,0,0,0,0,0,0,0,0,0,0,0,0,0,0,0,0,0,0,0,0,0,0,0,0,0,0,0,0,0,15,0,0,0,0,0,0,0,0,0,0,0,0,0,0,0,15,15,15,15,15,15,15,15,15,15,15,15,15,15,15,15,15,15,15,12,15,15,15,62,62,62,0,0,0,0,0,0,88,0,0,0,0,0,0,0,0,0,0,0,0,0,0,0,0,0,0,0,40,88,0,0,0,0,0,0,0,88,0,0,0,0,40,0,0,0,0,0,0,135,
135,0,0,0,0,0,40,0,0,0,0,0,0,0,0,0,0,0,0,0,0,0,0,0,0,0,0,0,0,0,0,0,0,0,0,0,0,0,15,0,0,0,0,0,0,0,0,0,0,0,0,0,0,0,0,0,12,0,0,0,0,15,15,15,0,0,15,15,12,0,0,0,0,12,62,0,0,0,0,62,0,0,0,0,0,0,88,0,0,0,0,0,0,0,0,0,0,0,0,0,0,0,0,0,0,0,40,88,0,0,0,0,0,0,88,88,0,0,0,0,40,0,0,0,0,0,0,135,
135,0,0,0,0,0,40,0,0,0,0,0,0,0,0,0,0,0,0,0,0,0,0,0,0,0,0,0,0,0,0,0,0,0,0,0,0,15,15,0,0,0,0,0,0,0,0,0,0,0,0,0,0,0,0,0,12,0,0,0,0,15,12,0,0,0,0,12,12,0,0,0,0,12,62,0,0,0,0,62,0,0,0,0,0,0,88,0,0,0,0,0,0,0,0,0,0,0,0,0,0,0,0,0,0,0,40,88,0,0,0,0,0,0,88,88,0,0,0,0,40,40,0,0,0,0,0,135,
135,0,0,0,0,0,40,0,0,0,0,0,0,0,0,0,0,0,0,0,0,0,0,0,0,0,0,0,0,0,0,0,15,15,15,15,15,15,0,0,0,0,0,0,60,60,60,60,60,60,15,15,0,0,0,0,12,0,0,0,0,12,12,0,0,0,0,12,12,0,0,0,0,12,62,0,0,0,0,15,0,0,0,0,0,0,88,0,0,0,0,0,0,0,0,0,0,0,0,0,0,0,0,0,0,0,40,40,0,0,0,0,0,0,88,0,0,0,0,0,0,40,0,0,0,0,0,135,
135,0,0,0,0,0,40,15,15,15,15,15,15,15,15,15,0,0,0,0,0,0,0,15,15,15,15,15,15,15,15,15,15,0,0,0,0,0,0,0,0,0,0,0,0,0,0,0,0,0,0,60,0,0,0,0,12,0,0,0,0,12,12,0,0,0,0,15,12,0,0,0,0,12,62,0,0,0,0,15,0,0,0,0,0,0,88,0,0,0,0,0,0,0,0,0,0,0,0,0,0,0,0,0,0,0,40,40,0,0,0,0,0,88,88,0,0,0,0,0,0,40,0,0,0,0,0,135,
135,0,0,0,0,0,40,40,40,0,0,0,0,0,0,0,0,0,0,0,0,0,0,0,0,0,0,0,0,0,0,0,15,0,0,0,0,0,0,0,0,0,0,0,0,0,0,0,0,0,0,60,0,0,0,0,15,0,0,0,0,15,15,0,0,0,0,15,15,0,0,0,0,15,15,0,0,0,0,15,0,0,0,0,0,0,88,0,0,0,0,0,0,0,0,0,0,0,0,0,0,0,0,0,0,0,40,40,0,0,0,0,0,88,88,0,0,0,0,0,40,40,0,0,0,0,0,135,
135,0,0,0,0,0,40,40,40,40,40,40,40,40,40,40,0,0,0,0,0,0,0,0,0,0,0,0,0,0,0,15,15,0,0,0,0,0,0,0,0,0,0,0,0,0,0,0,0,0,0,60,0,0,0,0,0,0,0,0,0,0,0,0,0,0,0,0,0,0,0,0,0,0,0,0,0,0,0,14,0,0,0,0,0,0,88,0,0,0,0,0,0,0,0,0,0,0,0,0,0,0,0,0,0,0,88,88,0,0,0,0,0,88,88,0,0,0,0,0,40,0,0,0,0,0,0,135,
135,0,0,0,223,223,40,0,0,0,40,40,40,40,40,40,40,40,40,0,0,0,0,0,0,0,0,0,0,0,15,15,0,0,0,0,0,0,0,0,0,0,0,0,0,0,0,0,0,0,0,60,0,0,0,0,0,0,0,0,0,0,0,0,0,0,0,0,0,0,0,0,0,0,0,0,0,0,0,0,0,0,0,0,0,0,88,0,0,0,0,0,0,0,0,0,0,0,0,0,0,0,0,0,0,0,88,88,88,88,88,88,88,88,0,0,0,0,0,0,40,0,0,0,0,0,0,135,
135,0,0,0,0,0,40,0,0,0,0,0,0,0,0,0,0,0,0,0,0,0,0,0,0,0,0,0,0,0,15,0,0,0,0,0,0,0,0,0,0,0,0,0,0,0,0,0,0,0,0,60,0,0,0,0,0,0,0,0,0,0,0,0,0,0,0,0,0,0,0,0,0,0,0,0,0,0,0,0,0,0,0,0,0,0,88,0,0,0,0,0,0,0,0,0,0,0,0,0,0,0,0,0,0,0,0,0,0,0,0,0,0,0,0,0,0,0,0,0,40,0,0,0,0,0,0,135,
135,0,0,0,0,0,40,15,15,15,15,15,15,15,15,15,15,15,15,15,15,15,15,15,0,0,0,0,0,0,15,0,0,0,0,0,0,0,0,0,0,0,0,0,0,0,0,0,0,0,0,39,39,39,39,39,39,39,39,39,14,14,14,14,14,14,14,14,14,14,14,14,14,0,0,0,0,0,0,0,0,0,0,0,0,0,88,0,0,0,0,0,0,0,0,0,0,0,0,0,0,0,0,0,0,0,0,0,0,0,0,0,0,0,0,0,0,0,0,40,40,0,0,0,0,0,0,135,
135,0,0,0,0,0,40,40,0,0,0,0,0,0,0,0,0,0,0,0,0,0,0,0,0,0,0,0,0,0,15,15,0,0,0,0,0,0,0,0,0,0,0,0,0,0,0,0,0,0,0,39,39,39,39,39,39,39,39,39,0,0,0,0,0,0,0,0,0,0,0,0,0,0,0,0,0,0,62,62,0,0,0,0,87,87,88,0,0,0,0,0,0,0,0,0,0,0,0,0,0,0,0,0,0,0,0,0,0,0,0,0,0,0,0,0,0,0,0,40,0,0,0,0,0,0,0,135,
135,0,0,0,0,0,200,40,0,0,0,0,0,0,0,0,0,0,0,0,0,0,0,0,0,0,0,0,0,0,0,15,0,0,0,0,0,0,0,0,0,0,0,0,0,0,0,0,0,0,0,39,63,159,159,159,159,159,39,39,0,0,0,0,0,0,0,0,0,0,0,0,0,0,0,0,0,0,15,15,87,87,87,87,87,87,88,0,0,0,0,0,0,0,0,0,0,0,0,0,0,0,0,0,0,0,0,0,0,0,0,0,0,0,0,40,40,40,40,40,0,0,0,0,0,0,0,135,
135,0,0,0,0,0,200,40,0,0,0,0,0,0,0,0,0,0,0,0,0,0,0,0,0,0,0,0,0,0,0,15,0,0,0,0,0,0,0,0,0,0,0,0,0,0,0,0,0,0,0,39,63,159,171,171,159,159,39,39,0,0,0,0,0,0,0,0,0,0,0,0,0,0,0,0,0,0,15,0,0,0,0,0,0,0,88,0,0,0,0,0,0,0,0,0,0,0,0,0,0,0,0,0,0,0,88,40,40,40,40,40,40,40,40,40,0,0,0,0,0,0,0,0,0,0,0,135,
135,0,0,0,0,200,40,40,0,0,0,0,0,0,0,15,15,15,15,0,0,0,0,0,0,0,0,0,0,0,0,15,0,0,0,0,0,0,0,0,0,0,0,0,0,0,0,0,0,0,0,39,159,159,171,171,159,159,39,39,0,0,0,0,0,0,0,15,40,14,14,14,14,14,14,0,0,0,15,0,0,0,0,0,0,0,88,88,88,88,88,88,88,88,88,0,0,0,0,0,0,0,0,0,0,88,88,0,0,0,0,0,0,0,0,0,0,0,0,0,0,0,0,0,0,0,0,135,
135,0,0,0,0,200,40,0,0,0,0,0,0,15,15,15,0,0,15,15,15,15,15,15,15,15,15,15,15,15,15,15,15,0,0,0,0,0,0,0,0,0,0,0,0,0,0,0,0,0,0,39,159,159,171,171,159,159,39,39,0,0,0,0,0,0,0,40,15,15,15,15,15,15,14,14,14,14,15,0,0,0,15,0,0,0,0,0,0,0,0,0,0,0,15,88,88,88,88,88,88,0,0,0,0,88,0,0,0,0,0,0,0,0,0,0,0,0,0,0,0,0,0,0,0,0,0,135,
135,0,0,0,0,200,40,0,0,0,0,0,0,0,0,0,0,0,0,0,0,0,0,0,0,0,0,0,0,0,0,0,15,0,0,0,0,0,0,0,0,0,0,0,0,0,0,0,0,0,0,39,159,159,171,171,159,159,40,40,0,0,0,0,0,40,40,40,0,0,0,0,0,0,0,0,0,15,15,0,0,0,15,0,0,0,0,0,0,0,0,0,0,0,15,0,0,0,0,0,88,88,88,88,88,88,0,0,0,0,0,0,0,0,0,0,0,0,0,0,0,0,0,0,0,0,0,135,
135,135,0,0,0,200,40,0,0,0,0,0,0,0,0,0,0,0,0,0,0,0,0,0,0,0,0,0,0,0,0,15,15,0,0,0,0,0,0,0,0,0,0,0,0,0,0,0,0,0,0,39,40,88,0,0,0,0,0,40,40,40,40,40,40,40,0,0,0,0,0,0,0,0,0,0,0,0,0,0,0,0,15,15,15,15,15,15,15,15,15,15,15,15,15,0,0,0,0,0,0,0,40,0,0,0,0,0,0,0,0,0,0,0,40,40,40,40,40,40,40,0,0,0,0,0,0,135,
135,135,0,0,0,0,40,0,0,0,0,0,0,0,0,0,0,0,0,0,0,0,0,0,0,0,0,0,0,0,0,15,0,0,0,0,0,0,0,0,0,0,0,0,0,0,0,0,0,0,0,0,40,88,0,0,0,0,0,0,0,0,0,0,0,0,0,0,0,0,0,0,0,0,0,0,0,0,0,0,0,0,0,0,0,0,0,0,0,0,0,0,0,0,0,0,0,0,0,0,0,0,40,0,0,0,0,0,0,0,0,0,0,40,40,40,40,40,40,40,40,0,0,0,0,0,0,135,
135,135,0,0,0,0,40,0,0,0,0,0,0,0,0,0,0,0,0,0,0,0,0,0,15,15,0,0,0,0,0,15,0,0,0,0,0,0,0,0,0,0,0,0,0,0,0,0,0,0,0,0,40,88,0,0,0,0,0,0,0,0,0,0,0,0,0,0,0,0,0,0,0,0,0,0,0,0,0,0,0,0,0,0,0,0,0,0,0,0,0,0,0,0,0,0,0,0,0,0,0,0,40,40,0,0,0,0,0,0,0,0,40,40,40,0,0,0,40,40,0,0,0,0,0,0,0,135,
135,135,0,0,0,0,40,15,15,15,15,15,15,15,15,15,15,15,15,15,15,15,15,15,15,15,0,0,0,0,0,15,0,0,0,0,0,0,0,0,0,0,0,0,0,0,0,0,0,0,0,0,40,40,0,0,0,0,0,0,0,0,0,0,0,0,0,0,0,0,0,0,0,0,0,0,0,0,0,0,0,0,0,0,0,0,0,0,0,0,0,0,0,0,0,0,40,0,0,0,0,0,0,40,0,0,0,0,0,0,0,40,40,40,40,0,0,0,0,0,0,0,0,0,0,0,0,135,
135,135,0,0,0,0,40,0,0,0,0,0,0,0,0,0,0,0,0,0,0,0,0,0,0,0,0,0,0,0,0,15,15,39,39,39,39,39,39,39,39,39,0,0,0,0,0,60,60,60,60,60,60,40,40,40,40,40,40,40,40,15,15,88,88,88,88,88,88,88,88,88,88,88,0,0,0,0,40,0,0,0,0,40,40,40,40,40,40,40,40,0,0,0,0,0,40,0,0,0,0,0,40,40,0,0,0,0,0,0,0,40,40,40,0,0,0,0,0,0,0,0,0,0,0,0,0,135,
135,135,0,0,0,0,40,0,0,0,0,0,0,0,0,0,0,0,0,0,0,0,0,0,0,0,0,0,0,0,0,0,0,0,0,0,0,0,0,0,0,0,0,0,0,0,0,0,0,0,0,0,0,0,0,60,0,0,0,39,39,0,0,0,0,0,0,0,0,0,0,0,0,88,0,0,0,0,40,0,0,0,0,40,40,40,0,0,0,0,40,40,0,0,0,0,40,0,0,0,0,0,40,0,0,0,0,0,0,0,40,40,40,0,0,0,0,0,0,0,0,0,0,0,0,0,0,135,
135,135,0,0,0,0,40,0,0,0,0,0,0,0,0,0,0,0,0,0,0,0,0,0,0,0,0,0,0,0,0,0,0,0,0,0,0,0,0,0,0,0,0,0,0,0,0,0,0,0,0,0,0,0,0,60,0,0,0,0,39,0,0,0,0,0,0,0,0,0,0,0,0,88,0,0,0,0,40,0,0,0,0,40,40,40,0,0,0,0,40,40,0,0,0,0,40,40,0,0,0,0,40,0,0,0,0,0,0,40,40,40,0,0,0,0,0,0,0,0,40,40,0,0,0,0,0,135,
135,135,0,0,0,0,40,0,0,0,0,0,0,0,0,0,0,0,0,0,0,0,0,0,0,0,0,0,0,0,0,0,0,0,0,0,0,0,0,0,0,0,0,0,0,0,0,0,0,0,0,0,0,0,0,60,0,0,0,0,39,0,0,0,0,0,0,0,0,0,0,0,0,88,0,0,0,0,40,0,0,0,0,40,40,40,0,0,0,0,40,40,40,0,0,0,40,40,0,0,0,0,0,0,0,0,0,0,40,40,40,0,0,0,0,0,0,0,0,0,40,40,0,0,0,0,0,135,
135,0,0,0,0,0,40,0,0,0,0,0,0,0,0,15,15,15,15,15,15,0,0,0,0,0,0,0,0,0,0,0,0,0,0,0,0,0,0,0,0,0,0,0,0,0,0,0,0,60,60,60,60,60,60,60,0,0,0,0,39,0,0,0,88,88,88,88,88,0,0,0,0,88,0,0,0,0,40,0,0,0,0,40,40,40,0,0,0,0,40,40,40,40,0,0,40,40,0,0,0,0,0,0,0,0,40,40,40,40,0,0,0,0,0,40,40,40,40,40,40,15,0,0,0,0,0,135,
135,0,0,0,0,0,135,0,0,0,0,0,0,0,0,15,0,0,0,15,0,0,0,0,0,0,0,0,0,0,0,15,15,0,0,0,37,0,0,0,0,0,60,60,60,60,60,60,60,60,0,0,0,12,0,60,0,0,0,0,39,0,0,0,88,88,88,88,88,0,0,0,0,88,0,0,0,0,40,0,0,0,0,0,40,0,0,0,0,0,40,40,0,40,40,40,40,40,40,40,40,40,40,40,40,40,40,40,40,40,0,0,0,0,40,40,40,40,40,40,40,15,0,0,0,0,0,135,
135,0,0,0,0,135,135,0,0,0,0,0,0,0,0,15,0,0,0,15,15,15,15,15,15,15,15,15,15,15,15,15,0,0,0,0,37,0,0,0,0,0,12,0,0,0,0,0,0,0,0,0,0,12,0,0,0,0,0,39,39,0,0,88,88,88,88,88,88,0,0,0,0,88,0,0,0,0,40,0,0,0,0,0,40,0,0,0,0,0,40,40,0,0,0,0,0,0,0,0,0,0,0,0,0,0,0,0,0,15,0,0,0,0,0,0,0,0,0,40,15,15,0,0,0,0,0,135,
135,0,0,0,0,135,135,0,0,0,0,0,0,0,0,15,0,0,0,0,0,0,0,0,0,0,0,0,0,0,0,0,0,0,0,0,37,0,0,0,0,0,12,0,0,0,0,0,0,0,0,0,0,12,0,0,0,0,0,39,0,0,0,0,0,0,0,0,88,88,88,88,88,88,0,0,0,0,40,0,0,0,0,0,40,0,0,0,0,0,40,40,0,0,0,0,0,0,0,0,0,0,0,0,0,0,0,0,0,15,0,0,0,0,0,0,0,0,0,40,15,15,0,0,0,0,0,135,
135,0,0,0,0,135,135,0,0,0,0,0,0,0,0,15,0,0,0,0,0,0,0,0,0,0,0,0,0,0,0,0,0,0,0,0,37,0,0,0,0,0,12,0,0,0,0,0,0,12,0,0,0,12,0,0,0,0,0,39,0,0,0,0,0,0,0,0,0,0,0,0,0,0,0,0,0,0,40,0,0,0,0,0,40,0,0,0,0,0,40,0,0,0,0,0,0,0,0,0,0,0,0,0,0,0,0,0,0,15,0,0,0,0,0,0,0,0,0,40,15,15,0,0,0,0,0,135,
135,0,0,0,0,135,135,135,0,0,0,0,0,0,0,15,0,0,0,0,0,0,0,0,0,0,0,0,0,0,0,0,0,0,0,0,37,0,0,0,0,0,12,0,0,0,0,0,0,12,0,0,0,12,0,0,0,0,0,39,0,0,0,0,0,0,0,0,0,0,0,0,0,0,0,0,0,0,40,40,40,40,40,40,40,0,0,0,0,0,40,0,0,0,0,0,15,15,15,15,15,15,15,15,15,15,15,15,15,15,0,0,0,0,0,40,40,40,40,40,15,15,0,0,0,0,0,135,
135,0,0,0,0,135,135,135,0,0,0,0,0,0,0,15,15,15,15,15,15,15,15,15,15,15,15,37,37,37,37,37,37,37,37,37,37,0,0,0,0,0,0,0,0,0,0,0,0,12,0,0,0,0,0,0,0,0,39,39,0,0,0,0,0,0,0,0,0,0,0,0,0,0,0,0,0,0,0,0,0,0,0,0,0,0,0,0,0,0,40,0,0,0,0,0,0,0,0,0,0,15,15,15,15,15,0,0,0,0,0,0,0,0,0,40,0,0,0,0,0,0,0,0,0,0,0,135,
135,0,0,0,0,135,135,135,0,0,0,0,0,0,0,0,0,0,0,0,0,0,0,0,0,0,0,0,0,0,0,0,0,0,0,0,37,0,0,0,0,0,0,0,0,0,0,0,0,12,0,0,0,0,0,0,0,0,39,0,0,0,0,0,0,0,0,0,0,0,0,0,0,0,0,0,0,0,0,0,0,0,0,0,0,0,0,0,0,0,40,0,0,0,0,0,0,0,0,0,0,0,0,0,0,0,0,0,0,0,0,0,0,0,0,40,0,0,0,0,0,0,0,0,0,0,0,135,
135,0,0,0,0,135,135,135,135,0,0,0,0,0,0,0,0,0,0,0,0,0,0,0,0,0,0,0,0,0,0,0,0,0,0,0,37,0,0,0,0,0,0,0,0,0,0,0,12,12,0,0,0,0,0,0,0,0,39,0,0,0,0,0,0,0,0,0,0,0,0,0,0,0,0,0,0,0,0,0,0,0,0,0,0,0,0,0,0,0,40,0,0,0,0,0,0,0,0,0,0,0,0,0,0,0,0,0,0,0,0,0,0,0,0,40,0,0,0,0,0,0,0,0,0,0,0,135,
135,0,0,0,0,135,135,135,135,135,135,135,135,135,135,135,135,135,135,135,135,135,135,135,135,135,135,135,135,135,135,135,135,135,135,135,135,135,135,135,135,135,135,135,135,135,135,135,135,135,135,135,135,135,135,135,135,135,135,135,135,135,135,135,135,135,135,135,135,135,135,135,135,135,135,135,135,135,135,135,135,135,135,135,135,135,135,135,135,135,135,135,135,135,135,135,135,135,135,135,135,135,135,135,135,135,135,135,135,135,135,135,135,135,135,135,135,135,135,135,39,135,135,135,135,135,135,135

